2007 3000000
2007 3000000
2008 1400000
2011 3000000
2012 2850000
2019 3000000
2021 1850000
2022 1100000
2023 650000
2032 3000000
2061 2150000
2062 2450000
2067 2650000
2068 2350000
2072 1150000
2075 3150000
2078 1750000
2079 2850000
2081 2950000
2082 2700000
2085 3150000
2087 1100000
2090 2950000
2091 2700000
2094 3150000
2099 3200000
2100 3150000
2110 3200000
2115 3200000
2116 3200000
2117 2350000
2118 2650000
2120 1200000
2121 2650000
2122 2450000
2123 2650000
2124 2450000
2125 2650000
2126 2450000
2127 2750000
2128 2550000
2129 1250000
2131 1550000
2132 2650000
2133 2350000
2134 2350000
2135 2650000
2137 2600000
2138 4300000
2139 4100000
2142 3900000
2143 2350000
2144 2650000
2148 1750000
2149 3200000
2150 1750000
2151 1600000
2152 2650000
2153 2350000
2154 3200000
2155 2900000
2160 3200000
2161 3150000
2163 4300000
2164 4100000
2165 3900000
2166 3200000
2167 2900000
2168 3200000
2169 3100000
2170 3250000
2171 3250000
2172 4450000
2173 4250000
2174 4050000
2175 3200000
2176 2900000
2177 1990000
2178 2500000
2179 2250000
2180 2700000
2181 2450000
2184 3050000
2185 2800000
2186 3100000
2187 3000000
2188 3200000
2189 2750000
2190 2500000
2191 2500000
2192 2300000
2193 4150000
2194 4150000
2199 4450000
2200 4450000
2201 4150000
2202 4150000
2203 3950000
2206 3950000
2207 2500000
2208 2300000
2209 2500000
2210 2300000
2211 3150000
2212 2950000
2213 4300000
2214 4100000
2215 3900000
2216 4300000
2217 4100000
2218 3900000
2219 3550000
2224 3550000
2225 3200000
2230 2750000
2231 2500000
2232 2750000
2233 2600000
2234 2500000
2235 4300000
2236 4100000
2237 3900000
2246 2900000
2249 3200000
2250 3000000
2251 1350000
2252 2500000
2253 2300000
2254 2450000
2255 3200000
2256 2500000
2257 2300000
2258 4300000
2259 4100000
2260 3900000
2261 3400000
2262 3200000
2263 3400000
2264 3400000
2265 3850000
2266 3850000
2267 3200000
2268 3200000
2269 2450000
2306 3700000
2307 3700000
2312 3300000
2313 3050000
2320 2500000
2321 2300000
2322 2900000
2329 2500000
2330 2500000
2331 3200000
2338 3050000
2339 2900000
2344 3200000
2345 2150000
2346 1950000
2347 2900000
2348 2500000
2349 2300000
2378 2900000
2379 2600000
2380 2400000
2381 2600000
2382 2400000
2383 3800000
2384 3800000
2397 2900000
2400 3200000
2401 2900000
2410 4300000
2411 4100000
2412 3900000
2413 3200000
2414 2850000
2415 2650000
2416 3150000
2417 3200000
2434 4300000
2435 4100000
2436 3900000
2445 2700000
2446 2500000
2447 3550000
2448 3300000
2449 3300000
2456 3200000
2457 3200000
2460 3100000
2461 3500000
2462 2550000
2469 2600000
2470 2400000
2471 2600000
2472 2400000
2473 3200000
2474 2700000
2475 2500000
2476 3400000
2477 3300000
2478 3300000
2479 4000000
2480 4000000
2481 3300000
2482 3400000
2495 3050000
2496 3950000
2497 3150000
2498 2950000
2499 3200000
2500 3150000
2501 2950000
2502 3300000
2503 2500000
2504 3400000
2505 4050000
2506 3400000
2507 3300000
2508 4000000
2509 3400000
2510 3400000
2533 3900000
2534 4300000
2535 4100000
2536 3900000
2539 4050000
2542 1800000
2547 2500000
2548 2200000
2549 1650000
2550 3050000
2551 3050000
2554 3150000
2555 2950000
2556 3300000
2557 3050000
2558 3950000
2559 2850000
2560 3300000
2561 3050000
2562 2600000
2563 2400000
2564 2600000
2565 2400000
2566 2500000
2567 3200000
2568 2950000
2569 2750000
2570 3900000
2571 4000000
2572 4000000
2573 4000000
2574 4000000
2575 4000000
2576 3300000
2577 3050000
2578 2500000
2579 2600000
2580 2400000
2581 4050000
2582 3900000
2583 1150000
2584 1050000
2585 3300000
2586 3100000
2587 3100000
2588 4300000
2589 4100000
2590 3900000
2604 3200000
2605 2750000
2606 2550000
2608 2700000
2609 2500000
2613 3400000
2619 3100000
2620 2500000
2621 2500000
2622 3100000
2623 2950000
2624 2800000
2625 2750000
2626 2550000
2627 4000000
2628 4000000
2630 4300000
2631 2650000
2632 3000000
2633 3000000
2634 3000000
2645 4300000
2646 3150000
2647 3100000
2648 2850000
2649 4400000
2660 3100000
2661 2850000
2662 2750000
2663 3300000
2664 4800000
2665 4800000
2666 4500000
2668 3200000
2669 2600000
2670 2500000
2671 3500000
2672 3200000
2673 4000000
2674 2450000
2675 2300000
2676 2900000
2677 2650000
2678 3000000
2679 3200000
2680 3600000
2683 3150000
2684 2900000
2685 4100000
2686 2450000
2687 2300000
2688 2450000
2689 2300000
2690 2200000
2704 2350000
2706 3000000
2708 2550000
2709 2550000
2710 2750000
2711 2750000
2712 2650000
2713 2800000
2725 2700000
2726 2500000
2729 2200000
2730 2250000
2731 2100000
2732 2200000
2735 2800000
2736 2600000
2740 2700000
2745 2600000
2746 2350000
2751 2550000
2752 2250000
2755 3650000
2756 3650000
2757 4000000
2758 4000000
2759 3300000
2760 3700000
2761 3700000
2762 2900000
2763 2650000
2764 3750000
2765 3450000
2766 3150000
2769 3600000
2770 3600000
2771 3600000
2772 3600000
2775 2800000
2776 2800000
2783 2800000
2784 2600000
2785 2350000
2786 2350000
2787 2250000
2788 3850000
2789 3500000
2790 2350000
4003 1550000
5448 2300000
5450 950000
5452 2450000
5461 1850000
5560 1850000
5563 1700000
5566 1700000
5573 2250000
5574 2400000
5686 1850000
5687 1850000
5688 2850000
5693 1850000
5694 1650000
5695 1700000
5696 2400000
5697 2450000
5701 1850000
5702 1850000
5703 3550000
5704 1650000
